6.135551333427429199e-01
4.429899752140045166e-01
3.533421456813812256e-01
2.668157219886779785e-01
2.231523990631103516e-01
2.060983479022979736e-01
1.933175176382064819e-01
1.826915591955184937e-01
1.742400377988815308e-01
1.750043481588363647e-01
1.634324193000793457e-01
1.591192483901977539e-01
1.531761884689331055e-01
1.525886058807373047e-01
1.481913477182388306e-01
1.445994377136230469e-01
1.415674090385437012e-01
1.404292136430740356e-01
1.394722163677215576e-01
1.378486305475234985e-01
1.372170150279998779e-01
1.340056806802749634e-01
1.323864012956619263e-01
1.289078593254089355e-01
1.244822591543197632e-01
1.251619160175323486e-01
1.257944107055664062e-01
1.233502924442291260e-01
1.227231249213218689e-01
1.233068928122520447e-01
1.191758289933204651e-01
1.189205721020698547e-01
1.180813014507293701e-01
1.163943111896514893e-01
