5.459228754043579102e-01
3.400633037090301514e-01
2.560337781906127930e-01
1.993637084960937500e-01
1.760414242744445801e-01
1.620702892541885376e-01
1.543401181697845459e-01
1.420871615409851074e-01
1.360605657100677490e-01
1.289775520563125610e-01
1.270761787891387939e-01
1.233265474438667297e-01
1.179299131035804749e-01
1.202155947685241699e-01
1.128858625888824463e-01
1.120497658848762512e-01
1.114078909158706665e-01
1.047841086983680725e-01
1.012974306941032410e-01
9.848220646381378174e-02
9.970582276582717896e-02
9.899029135704040527e-02
9.412271529436111450e-02
9.381115436553955078e-02
9.301026165485382080e-02
8.890910446643829346e-02
8.593358099460601807e-02
8.791677653789520264e-02
8.403635025024414062e-02
8.701634407043457031e-02
8.467670530080795288e-02
7.967194914817810059e-02
7.811350375413894653e-02
7.533149421215057373e-02
7.594572007656097412e-02
7.624750584363937378e-02
7.176040858030319214e-02
6.986251473426818848e-02
7.775609940290451050e-02
7.076415419578552246e-02
